v-sweep;I(XU1:P)2;
-6;0;
-5.9;0;
-5.8;0;
-5.7;0;
-5.6;0;
-5.5;0;
-5.4;0;
-5.3;0;
-5.2;0;
-5.1;0;
-5;0;
-4.9;0;
-4.8;0;
-4.7;0;
-4.6;0;
-4.5;0;
-4.4;0;
-4.3;0;
-4.2;0;
-4.1;0;
-4;0;
-3.9;0;
-3.8;0;
-3.7;0;
-3.6;0;
-3.5;0;
-3.4;0;
-3.3;1.38834e-06;
-3.2;2.75746e-05;
-3.1;7.10072e-05;
-3;0.000127291;
-2.9;0.00019474;
-2.8;0.000272433;
-2.7;0.000359795;
-2.6;0.000456438;
-2.5;0.000562096;
-2.4;0.000676577;
-2.3;0.000799744;
-2.2;0.000931499;
-2.1;0.00107177;
-2;0.00122052;
-1.9;0.00137772;
-1.8;0.00154334;
-1.7;0.00171739;
-1.6;0.00189987;
-1.5;0.0020908;
-1.4;0.0022902;
-1.3;0.00249808;
-1.2;0.00271448;
-1.1;0.00293944;
-1;0.00317298;
-0.9;0.00341515;
-0.8;0.00366599;
-0.7;0.00392553;
-0.6;0.00419383;
-0.5;0.00446653;
-0.4;0.00475245;
-0.3;0.00504728;
-0.2;0.00535104;
-0.1;0.00566381;
-4.57967e-15;0.00598562;
